00000000000000000000000000000000000000000000000000000000000000000000000000000000000000000000000000000000000000000000000000000000
00000000000000000000000000000000000000000000000000000000000000000000000000000000000000000000000000000000000000000000000000000000
00000000000000000000000000000000000060000606066600660606000000660066006606660666000000000666066600000000000000000000000000000000
00000000000000000000000000000000000666000606006006000606000006000600060606060600006000000006060600000000000000000000000000000000
00000000000000000000000000000000066666660666006006000666000006660600060606600660000000000066060600000000000000000000000000000000
00000000000000000000000000000000006666600606006006060606000000060600060606060600006000000006060600000000000000000000000000000000
00000000000000000000000000000000006000600606066606660606000006600066066006060666000000000666066600000000000000000000000000000000
00000000000000000000000000000000000000000000000000000000000000000000000000000000000000000000000000000000000000000000000000000000
00000000000000000000000000000000000000000000000000000000000000000000000000000000000000000000000000000000000000000000000000000000
00000000099999000000000000000000000000000000000000000000000000000000000000000000000000000000000000000000000044000000000000000000
00000000977877906660000000000000000000000000000000000000000000000000000000000000000000000000000000000000005455006600666000000000
00000000977877906060000000000000000000000000000000000000000000000000000000000000000000000000000000000000056655500600606000000000
00000000977877906060000000000000000000000000000000000000000000000000000000000000000000000000000000000000056555500600606000000000
00000000977777906060000000000000000000000000000000000000000000000000000000000000000000000000000000000000055555500600606000000000
00000000977777906660000000000000000000000000000000000000000000000000000000000000000000000000000000000000005555006660666000000000
00000000099999000000000000000000000000000000000000000000000000000000000000000000000000000000000000000000000000000000000000000000
00000000000000000000000000000000000000000000000000000000000000000000000000000000000000000000000000000000000000000000000000000000
00000000000000000000000000000000000000000000000000000000000000000000000000000000000000000000000000000000000000000000000000000000
00000000000000000000000000000000000000000000000000000000000000000000000000000000000000000000000000000000000000000000000000000000
00000000000000000000000000000000000000000000000000000000000000000000000000000000000000000000000000000000000000000000000000000000
00000000000000000000000000000000000000000000000000000000000000000000000000000000000000000000000000000000000000000000000000000000
00000000000000000000000000000000000000000000000000000000000000000000000000000000000000000000000000000000000000000000000000000000
00000000000000000000000000000000000000000000000000000000000000000000000000000000000000000000000000000000000000000000000000000000
00000000000000000000000000000000000000000000000000000000000000000000000000000000000000000000000000000000000000000000000000000000
00000000000000000000000000000000000000000000000000000000000000000000000000000000000000000000000000000000000000000000000000000000
00000000000000000000000000000000000000000000000000000000000000000000000000000000000000000000000000000000000000000000000000000000
00000000000000000666066606660066006600000066666000000666006600000066066606660666066600000666060006660606066606600066000000000000
00000000000000000606060606000600060000000660006600000060060600000600006006060606006000000606060006060606006006060600000000000000
00000000000000000666066006600666066600000660606600000060060600000666006006660660006000000666060006660666006006060600000000000000
00000000000000000600060606000006000600000660006600000060060600000006006006060606006000000600060006060006006006060606000000000000
00000000000000000600060606660660066000000066666000000060066000000660006006060606006000000600066606060666066606060666000000000000
00000000000000000000000000000000000000000000000000000000000000000000000000000000000000000000000000000000000000000000000000000000
00000000000000000000000000000000000000000000000000000000000000000000000000000000000000000000000000000000000000000000000000000000
00000000000000000000000000000000000000000000000000000000000000000000000000000000000000000000000000000000000000000000000000000000
00000000000000000000000000000000000000000000000000000000000000000000000000000000000000000000000000000000000000000000000000000000
00000000000000000000000000000000000000000000000000000000000000000000000000000000000000000000000000000000000000000000000000000000
00000000000000000000000000000000000000000000000000000000000000000000000000000000000000000000000000000000000000000000000000000000
00000000000000000000000000000000000000000000000000000000000000000000000000000000000000000000000000000000000000000000000000000000
00000000000000000000000000000000000000000000000000000000000000000000000000000000000000000000000000000000000000000000000000000000
00000000000000000000000000000000000000000000000000000000000000000000000000000000000000000000000000000000000000000000000000000000
00000000000000000000000000000000000000000000000000000000000000000000000000000000000000000000000000000000000000000000000000000000
00000000000000000000000000000000000000000000000000000000000000000000000000000000000000000000000000000000000000000000000000000000
00000000000000000000000000000000000000000000000000000000000000000000000000000000000000000000000000000000000000000000000000000000
00000000000000000000000000000000000000000000000000000000000000000000000000000000000000000000000000000000000000000000000000000000
00000000000000000000000000000000000000000000000000000000000000000000000000000000000000000000000000000000000000000000000000000000
00000000000000000000000000000000000000000000000000000000000000000000000000000000000000000000000000000000000000000000000000000000
00000000000000000000001111111111111111111111111111111111111111111111111111111111111111111111111111111111110000000000000000000000
00000000000000000000001111111111111111111111111111111111111111111111111111111111111111111111111111111111110000000000000000000000
00000000000000000000001188833888333333333333333333333333333333333333333333333333333333333333333333333333110000000000000000000000
00000000000000000000001183333338333333333333333333333333333333333333333333333333333333333333333333333333110000000000000000000000
00000000000000000000001183333338333333333333333333333333333333333333333333333333333333333333333333333333110000000000000000000000
00000000000000000000001133333333333333333333333333333333333333333333333333333333333333333333333333333333110000000000000000000000
00000000000000000000001133333333333333333333333333333333333333333333333333333333333333333333333333333333110000000000000000000000
00000000000000000000001183333338333333333333333333333333333333333333333333333333333333333333333333333333110000000000000000000000
00000000000000000000001183333338333333333333333333333333333333333333333333333333333333333333333333333333110000000000000000000000
00000000000000000000001188833888333333333333333333333333333333333333333333333333333333333333333333333333110000000000000000000000
00000000000000000000001133333333333333333333333333333333333333333333333333333333333333333333333333333333110000000000000000000000
00000000000000000000001133333333333333333333333333333333333333333333333333333333333333333333333333333333110000000000000000000000
00000000000000000000001133333333333333333333333333333333333333333333333333333333333333333333333333333333110000000000000000000000
00000000000000000000001133333333333333333333333333333333333333333333333333333333333333333333333333333333110000000000000000000000
00000000000000000000001133333333333333333333333333333333333333333333333333333333333333333333333333333333110000000000000000000000
00000000000000000000001133333333333333333333333333333333333333333333333333333333333333333333333333333333110000000000000000000000
00000000000000000000001133333333333333333333333333333333333333333333333333333333333333333333333333333333110000000000000000000000
00000000000000000000001133333333333333333333333333333333333333333333333333333333333333333333333333333333110000000000000000000000
00000000000000000000001133333333333333333333333333333333333333333333333333333333333333333333333333333333110000000000000000000000
00000000000000000000001133333333333333333333333333333333333333333333333333333333333333333333333333333333110000000000000000000000
00000000000000000000001133333333333333333333333333333333333333333333333333333333333333333333333333333333110000000000000000000000
00000000000000000000001133333333333333333333333333333333333333333333333333333333333333333333333333333333110000000000000000000000
00000000000000000000001133333333333333333333333333333333333333333333333333333333333333333333333333333333110000000000000000000000
00000000000000000000001133333333333333333333333333333333333333333333333333333333333333333333333333333333110000000000000000000000
00000000000000000000001133333333333333333333333333333333333333333333333333333333333333333333333333333333110000000000000000000000
00000000000000000000001133333333333333333333333333333333333333333333333333333333333333333333333333333333110000000000000000000000
00000000000000000000001133333333333333333333333333333333333333333333333333333333333333333333333333333333110000000000000000000000
00000000000000000000001133333333333333333333333333333333333333333333333333333333333333333333333333333333110000000000000000000000
00000000000000000000001133333333333333333333333333333333333333333333333333333333333333333333333333333333110000000000000000000000
00000000000000000000001133333333333333333333333333333333333333333333333333333333333333333333333333333333110000000000000000000000
00000000000000000000001133333333333333333333333333333333333333333333333333333333333333333333333333333333110000000000000000000000
00000000000000000000001133333333333333333333333333333333333333333333333333333333333333333333333333333333110000000000000000000000
00000000000000000000001133333333333333333333333333333333333333333333333333333333333333333333333333333333110000000000000000000000
00000000000000000000001133333333333333333333333333333333333333333333333333333333333333333333333333333333110000000000000000000000
00000000000000000000001133333333333333333333333333333333333333333333333333333333333333333333333333333333110000000000000000000000
00000000000000000000001133333333333333333333333333333333333333333333333333333333333333333333333333333333110000000000000000000000
00000000000000000000001133333333333333333333333333333333333333333333333333333333333333333333333333333333110000000000000000000000
00000000000000000000001133333333333333333333333333333333333333333333333333333333333333333333333333333333110000000000000000000000
00000000000000000000001133333333333333333333333333333333333333333333333333333333333333333333333333333333110000000000000000000000
00000000000000000000001133333333333333333333333333333333333333333333333333333333333333333333333333333333110000000000000000000000
00000000000000000000001133333333333333333333333333333333333333333333333333333333333333333333333333333333110000000000000000000000
00000000000000000000001133333333333333333333333333333333333333333333333333333333333333333333333333333333110000000000000000000000
00000000000000000000001133333333333333333333333333333333333333333333333333333333333333333333333333333333110000000000000000000000
00000000000000000000001133333333333333333333333333333333333333333333333333333333333333333333333333333333110000000000000000000000
00000000000000000000001133333333333333333333333333333333333333333333333333333333333333333333333333333333110000000000000000000000
00000000000000000000001133333333333333333333333333333333333333333333333333333333333333333333333333333333110000000000000000000000
00000000000000000000001133333333333333333333333333333333333333333333333333333333333333333333333333333333110000000000000000000000
00000000000000000000001133333333333333333333333333333333333333333333333333333333333333333333333333333333110000000000000000000000
00000000000000000000001133333333333333333333333333333333333333333333333333333333333333333333333333333333110000000000000000000000
00000000000000000000001133333333333333333333333333333333333333333333333333333333333333333333333333333333110000000000000000000000
00000000000000000000001133333333333333333333333333333333333333333333333333333333333333333333333333333333110000000000000000000000
00000000000000000000001133333333333333333333333333333333333333333333333333333333333333333333333333333333110000000000000000000000
00000000000000000000001133333333333333333333333333333333333333333333333333333333333333333333333333333333110000000000000000000000
00000000000000000000001133333333333333333333333333333333333333333333333333333333333333333333333333333333110000000000000000000000
00000000000000000000001133333333333333333333333333333333333333333333333333333333333333333333333333333333110000000000000000000000
00000000000000000000001133333333333333333333333333333333333333333333333333333333333333333333333333333333110000000000000000000000
00000000000000000000001133333333333333333333333333333333333333333333333333333333333333333333333333333333110000000000000000000000
00000000000000000000001133333333333333333333333333333333333333333333333333333333333333333333333333333333110000000000000000000000
00000000000000000000001111111111111111111111111111111111111111111111111111111111111111111111111111111111110000000000000000000000
00000000000000000000001111111111111111111111111111111111111111111111111111111111111111111111111111111111110000000000000000000000
00000000000000000000000000000000000000000000000000000000000000000000000000000000000000000000000000000000000000000000000000000000
00000000000000000000000000000000000000000000000000000000000000000000000000000000000000000000000000000000000000000000000000000000
00000000000000000000000000000000000000000000000000000000000000000000000000000000000000000000000000000000000000000000000000000000
00000000000000000000000000000000000000000000000000000000000000000000000000000000000000000000000000000000000000000000000000000000
00000000000000000000000000000000000000000000000000000000000000000000000000000000000000000000000000000000000000000000000000000000
00000000000000000000000000000000000000000000000000000000000000000000000000000000000000000000000000000000000000000000000000000000
00000000000000000000000000000000000000000000000000000000000000000000000000000000000000000000000000000000000000000000000000000000
00000000000000000000000000000000000000000000000000000000000000000000000000000000000000000000000000000000000000000000000000000000
00000000000000000000000000000000000000000000000000000000000000000000000000000000000000000000000000000000000000000000000000000000
00000000000000000000000000000000000000000000000000000000000000000000000000000000000000000000000000000000000000000000000000000000
00000000000000000000000000000000000000000000000000000000000000000000000000000000000000000000000000000000000000000000000000000000
00000000000000000000000000000000000000000000000000000000000000000000000000000000000000000000000000000000000000000000000000000000
00000000000000000000000000000000000000000000000000000000000000000000000000000000000000000000000000000000000000000000000000000000
00000000000000000000000000000000000000000000000000000000000000000000000000000000000000000000000000000000000000000000000000000000
00000000000000000000000000000000000000000000000000000000000000000000000000000000000000000000000000000000000000000000000000000000
00000000000000000000000000000000000000000000000000000000000000000000000000000000000000000000000000000000000000000000000000000000
00000000000000000066666000000666006600000066060006660666066600000000600000000066666000000666006600000666060006660066000000000000
00000000000000000660006600000060060600000600060006000606060600000006660000000660606600000060060600000600060006060600000000000000
00000000000000000660606600000060060600000600060006600666066000000066666000000666066600000060060600000660060006660600000000000000
00000000000000000660006600000060060600000600060006000606060600000006660000000660606600000060060600000600060006060606000000000000
00000000000000000066666000000060066000000066066606660606060600000000600000000066666000000060066000000600066606060666000000000000
00000000000000000000000000000000000000000000000000000000000000000000000000000000000000000000000000000000000000000000000000000000

